2024-10-04 15:40:40.595 [info] Log level: Info
2024-10-04 15:40:40.595 [info] Validating found git in: "git"
2024-10-04 15:40:40.595 [info] Using git "2.43.0" from "git"
2024-10-04 15:40:40.599 [info] > git rev-parse --show-toplevel [36ms]
2024-10-04 15:40:40.611 [info] > git rev-parse --git-dir --git-common-dir [5ms]
2024-10-04 15:40:40.620 [info] Open repository: /home/braceskabane/proposal
2024-10-04 15:40:40.664 [info] > git rev-parse --show-toplevel [35ms]
2024-10-04 15:40:40.683 [info] > git rev-parse --show-toplevel [14ms]
2024-10-04 15:40:40.690 [info] > git config --get commit.template [52ms]
2024-10-04 15:40:40.694 [info] > git rev-parse --show-toplevel [5ms]
2024-10-04 15:40:40.712 [info] > git rev-parse --show-toplevel [11ms]
2024-10-04 15:40:40.722 [info] > git rev-parse --show-toplevel [1ms]
2024-10-04 15:40:40.728 [info] > git for-each-ref --format=%(refname)%00%(upstream:short)%00%(objectname)%00%(upstream:track)%00%(upstream:remotename)%00%(upstream:remoteref) refs/heads/main refs/remotes/main [20ms]
2024-10-04 15:40:40.854 [info] > git status -z -uall --find-renames=50% [120ms]
2024-10-04 15:40:40.854 [info] > git rev-parse --show-toplevel [126ms]
2024-10-04 15:40:40.936 [info] > git rev-parse --show-toplevel [75ms]
2024-10-04 15:40:40.966 [info] > git config --get commit.template [12ms]
2024-10-04 15:40:41.061 [info] > git show --textconv :lainnya/lembar-pengesahan-en.tex [9ms]
2024-10-04 15:40:41.061 [info] > git for-each-ref --format=%(refname)%00%(upstream:short)%00%(objectname)%00%(upstream:track)%00%(upstream:remotename)%00%(upstream:remoteref) refs/heads/main refs/remotes/main [65ms]
2024-10-04 15:40:41.334 [info] > git status -z -uall --find-renames=50% [266ms]
2024-10-04 15:40:41.337 [info] > git ls-files --stage -- /home/braceskabane/proposal/lainnya/lembar-pengesahan-en.tex [277ms]
2024-10-04 15:40:41.374 [info] > git check-ignore -v -z --stdin [18ms]
2024-10-04 15:40:41.376 [info] > git cat-file -s bff5ea0d9e144e23a17babce3d52b6e129e2f454 [31ms]
2024-10-04 15:40:53.784 [info] > git check-ignore -v -z --stdin [2ms]
2024-10-04 15:40:54.614 [info] > git show --textconv :sampul/konten-en.tex [8ms]
2024-10-04 15:40:54.614 [info] > git ls-files --stage -- /home/braceskabane/proposal/sampul/konten-en.tex [1ms]
2024-10-04 15:40:54.622 [info] > git cat-file -s 0aaf5e0acd50dfcb216865abcb8004786d08f42f [1ms]
2024-10-04 15:40:55.259 [info] > git show --textconv :sampul/konten-id.tex [12ms]
2024-10-04 15:40:55.259 [info] > git ls-files --stage -- /home/braceskabane/proposal/sampul/konten-id.tex [1ms]
2024-10-04 15:40:55.268 [info] > git cat-file -s 5af154f53af364359d08796a977a456fbd83ebdd [3ms]
